-1.027231631100702369e-01 2.924659351953182340e+04
9.989903520807737192e-02 2.992301191683818251e+04
-2.324056808839976007e-01 2.919206243750660724e+04
2.316992407339963644e-01 2.829340063002987881e+04
-3.333667565422009926e-01 2.913939595895316597e+04
3.339446396657791416e-01 6.510833333760885466e+01
-4.159982801054384338e-01 6.605409006346788203e+01
4.159646108321606306e-01 3.809494301653259640e+01
-4.823465223136562119e-01 4.001852899919397544e+01
4.826257473760423578e-01 1.266178699576193367e+03
-5.349734561254559928e-01 1.249190188665766755e+03
5.354647905734315483e-01 1.384242129375259765e+03
-5.775022864638267306e-01 1.347448656529032633e+03
5.774315295201855047e-01 1.587914935139303225e+03
-6.192674644771309911e-01 1.523748820836946834e+03
6.191562273440986974e-01 1.881801421986423520e+03
-6.616255539637915239e-01 1.765144817187642047e+03
6.617437868157590719e-01 2.253643243135229568e+03
-7.038552387697473156e-01 2.089481525658726241e+03
7.038873621081245258e-01 2.812082477731213658e+03
-7.457803229818401602e-01 2.530958261025970842e+03
7.460078978739310696e-01 3.690211780833181820e+03
-7.885831225054495963e-01 3.194878250344997923e+03
7.881088577567316733e-01 4.992567556405189862e+03
-8.410663757368525006e-01 4.284108133734002877e+03
8.410376014469722605e-01 6.269730146954530028e+03
-9.073685430672338015e-01 5.128261935956522393e+03
9.074451901728860514e-01 6.375540489882382644e+03
-9.898085753919242391e-01 5.716852534063689745e+03
9.894370951692665894e-01 4.854655007510229552e+03
-1.099408316178635880e+00 5.685733388066702901e+03
1.099515825958640614e+00 4.726590289767675131e+03
-1.245837601185008969e+00 5.568251807743810787e+03
1.245860809539789171e+00 3.050372218576648265e+03
-1.465717650200470734e+00 3.547358631981757298e+03
1.465508524447880712e+00 1.909537680384578607e+03
-1.794986841164776026e+00 2.301920652302638246e+03
1.794968936634701251e+00 1.213611134703955031e+03
-2.289078021396283358e+00 1.402622936920597112e+03
2.289157297492946608e+00 7.893845778887481401e+02
