0.000000000000000000e+00 4.431999969482421875e+01 1.086000000000000000e+03
-1.195400009155273438e+02 3.142000007629394531e+01 1.086000000000000000e+03
-1.692400054931640625e+02 0.000000000000000000e+00 1.086000000000000000e+03
-1.195400009155273438e+02 -3.142000007629394531e+01 1.086000000000000000e+03
-0.000000000000000000e+00 -4.431999969482421875e+01 1.086000000000000000e+03
1.189199981689453125e+02 -3.126000022888183594e+01 1.086000000000000000e+03
1.680000000000000000e+02 -0.000000000000000000e+00 1.086000000000000000e+03
1.189199981689453125e+02 3.126000022888183594e+01 1.086000000000000000e+03
0.000000000000000000e+00 8.375000000000000000e+01 1.086000000000000000e+03
-2.263999938964843750e+02 5.950999832153320312e+01 1.086000000000000000e+03
-3.208299865722656250e+02 0.000000000000000000e+00 1.086000000000000000e+03
-2.263999938964843750e+02 -5.950999832153320312e+01 1.086000000000000000e+03
-0.000000000000000000e+00 -8.375000000000000000e+01 1.086000000000000000e+03
2.241799926757812500e+02 -5.893000030517578125e+01 1.086000000000000000e+03
3.163999938964843750e+02 -0.000000000000000000e+00 1.086000000000000000e+03
2.241799926757812500e+02 5.893000030517578125e+01 1.086000000000000000e+03
0.000000000000000000e+00 1.356100006103515625e+02 1.086000000000000000e+03
-3.677300109863281250e+02 9.666000366210937500e+01 1.086000000000000000e+03
-5.217899780273437500e+02 0.000000000000000000e+00 1.086000000000000000e+03
-3.677300109863281250e+02 -9.666000366210937500e+01 1.086000000000000000e+03
-0.000000000000000000e+00 -1.356100006103515625e+02 1.086000000000000000e+03
3.619100036621093750e+02 -9.512999725341796875e+01 1.086000000000000000e+03
5.101499938964843750e+02 -0.000000000000000000e+00 1.086000000000000000e+03
3.619100036621093750e+02 9.512999725341796875e+01 1.086000000000000000e+03
0.000000000000000000e+00 1.999199981689453125e+02 1.086000000000000000e+03
-5.441699829101562500e+02 1.430399932861328125e+02 1.086000000000000000e+03
-7.733900146484375000e+02 0.000000000000000000e+00 1.086000000000000000e+03
-5.441699829101562500e+02 -1.430399932861328125e+02 1.086000000000000000e+03
-0.000000000000000000e+00 -1.999199981689453125e+02 1.086000000000000000e+03
5.315300292968750000e+02 -1.397200012207031250e+02 1.086000000000000000e+03
7.480999755859375000e+02 -0.000000000000000000e+00 1.086000000000000000e+03
5.315300292968750000e+02 1.397200012207031250e+02 1.086000000000000000e+03
0.000000000000000000e+00 2.766600036621093750e+02 1.086000000000000000e+03
-7.565200195312500000e+02 1.988600006103515625e+02 1.086000000000000000e+03
-1.077260009765625000e+03 0.000000000000000000e+00 1.086000000000000000e+03
-7.565200195312500000e+02 -1.988600006103515625e+02 1.086000000000000000e+03
-0.000000000000000000e+00 -2.766600036621093750e+02 1.086000000000000000e+03
7.323099975585937500e+02 -1.925000000000000000e+02 1.086000000000000000e+03
1.028819946289062500e+03 -0.000000000000000000e+00 1.086000000000000000e+03
7.323099975585937500e+02 1.925000000000000000e+02 1.086000000000000000e+03
0.000000000000000000e+00 3.658399963378906250e+02 1.086000000000000000e+03
-1.005760009765625000e+03 2.643800048828125000e+02 1.086000000000000000e+03
-1.435430053710937500e+03 0.000000000000000000e+00 1.086000000000000000e+03
-1.005760009765625000e+03 -2.643800048828125000e+02 1.086000000000000000e+03
-0.000000000000000000e+00 -3.658399963378906250e+02 1.086000000000000000e+03
9.634099731445312500e+02 -2.532400054931640625e+02 1.086000000000000000e+03
1.350680053710937500e+03 -0.000000000000000000e+00 1.086000000000000000e+03
9.634099731445312500e+02 2.532400054931640625e+02 1.086000000000000000e+03
0.000000000000000000e+00 4.674700012207031250e+02 1.086000000000000000e+03
-1.293040039062500000e+03 3.398900146484375000e+02 1.086000000000000000e+03
-1.850300048828125000e+03 0.000000000000000000e+00 1.086000000000000000e+03
-1.293040039062500000e+03 -3.398900146484375000e+02 1.086000000000000000e+03
-0.000000000000000000e+00 -4.674700012207031250e+02 1.086000000000000000e+03
1.223869995117187500e+03 -3.217099914550781250e+02 1.086000000000000000e+03
1.711849975585937500e+03 -0.000000000000000000e+00 1.086000000000000000e+03
1.223869995117187500e+03 3.217099914550781250e+02 1.086000000000000000e+03
0.000000000000000000e+00 5.815399780273437500e+02 1.086000000000000000e+03
-1.619750000000000000e+03 4.257699890136718750e+02 1.086000000000000000e+03
-2.324750000000000000e+03 0.000000000000000000e+00 1.086000000000000000e+03
-1.619750000000000000e+03 -4.257699890136718750e+02 1.086000000000000000e+03
-0.000000000000000000e+00 -5.815399780273437500e+02 1.086000000000000000e+03
1.512650024414062500e+03 -3.976199951171875000e+02 1.086000000000000000e+03
2.110310058593750000e+03 -0.000000000000000000e+00 1.086000000000000000e+03
1.512650024414062500e+03 3.976199951171875000e+02 1.086000000000000000e+03
0.000000000000000000e+00 7.080700073242187500e+02 1.086000000000000000e+03
-1.987449951171875000e+03 5.224299926757812500e+02 1.086000000000000000e+03
-2.862169921875000000e+03 0.000000000000000000e+00 1.086000000000000000e+03
-1.987449951171875000e+03 -5.224299926757812500e+02 1.086000000000000000e+03
-0.000000000000000000e+00 -7.080700073242187500e+02 1.086000000000000000e+03
1.828589965820312500e+03 -4.806700134277343750e+02 1.086000000000000000e+03
2.543909912109375000e+03 -0.000000000000000000e+00 1.086000000000000000e+03
1.828589965820312500e+03 4.806700134277343750e+02 1.086000000000000000e+03
0.000000000000000000e+00 8.470399780273437500e+02 1.086000000000000000e+03
-2.397979980468750000e+03 6.303400268554687500e+02 1.086000000000000000e+03
-3.466510009765625000e+03 0.000000000000000000e+00 1.086000000000000000e+03
-2.397979980468750000e+03 -6.303400268554687500e+02 1.086000000000000000e+03
-0.000000000000000000e+00 -8.470399780273437500e+02 1.086000000000000000e+03
2.170479980468750000e+03 -5.705399780273437500e+02 1.086000000000000000e+03
3.010370117187500000e+03 -0.000000000000000000e+00 1.086000000000000000e+03
2.170479980468750000e+03 5.705399780273437500e+02 1.086000000000000000e+03
0.000000000000000000e+00 9.984799804687500000e+02 1.086000000000000000e+03
-2.853449951171875000e+03 7.500599975585937500e+02 1.086000000000000000e+03
-4.142390136718750000e+03 0.000000000000000000e+00 1.086000000000000000e+03
-2.853449951171875000e+03 -7.500599975585937500e+02 1.086000000000000000e+03
-0.000000000000000000e+00 -9.984799804687500000e+02 1.086000000000000000e+03
2.537020019531250000e+03 -6.668900146484375000e+02 1.086000000000000000e+03
3.507330078125000000e+03 -0.000000000000000000e+00 1.086000000000000000e+03
2.537020019531250000e+03 6.668900146484375000e+02 1.086000000000000000e+03
0.000000000000000000e+00 1.162390014648437500e+03 1.086000000000000000e+03
-3.356219970703125000e+03 8.822299804687500000e+02 1.086000000000000000e+03
-4.895149902343750000e+03 0.000000000000000000e+00 1.086000000000000000e+03
-3.356219970703125000e+03 -8.822299804687500000e+02 1.086000000000000000e+03
-0.000000000000000000e+00 -1.162390014648437500e+03 1.086000000000000000e+03
2.926850097656250000e+03 -7.693599853515625000e+02 1.086000000000000000e+03
4.032350097656250000e+03 -0.000000000000000000e+00 1.086000000000000000e+03
2.926850097656250000e+03 7.693599853515625000e+02 1.086000000000000000e+03
0.000000000000000000e+00 1.338790039062500000e+03 1.086000000000000000e+03
-3.909040039062500000e+03 1.027540039062500000e+03 1.086000000000000000e+03
-5.731020019531250000e+03 0.000000000000000000e+00 1.086000000000000000e+03
-3.909040039062500000e+03 -1.027540039062500000e+03 1.086000000000000000e+03
-0.000000000000000000e+00 -1.338790039062500000e+03 1.086000000000000000e+03
3.338590087890625000e+03 -8.775900268554687500e+02 1.086000000000000000e+03
4.582959960937500000e+03 -0.000000000000000000e+00 1.086000000000000000e+03
3.338590087890625000e+03 8.775900268554687500e+02 1.086000000000000000e+03
0.000000000000000000e+00 1.527670043945312500e+03 1.086000000000000000e+03
-4.514979980468750000e+03 1.186819946289062500e+03 1.086000000000000000e+03
-6.657250000000000000e+03 0.000000000000000000e+00 1.086000000000000000e+03
-4.514979980468750000e+03 -1.186819946289062500e+03 1.086000000000000000e+03
-0.000000000000000000e+00 -1.527670043945312500e+03 1.086000000000000000e+03
3.770800048828125000e+03 -9.912000122070312500e+02 1.086000000000000000e+03
5.156689941406250000e+03 -0.000000000000000000e+00 1.086000000000000000e+03
3.770800048828125000e+03 9.912000122070312500e+02 1.086000000000000000e+03
0.000000000000000000e+00 1.729069946289062500e+03 1.086000000000000000e+03
-5.177569824218750000e+03 1.360989990234375000e+03 1.086000000000000000e+03
-7.682270019531250000e+03 0.000000000000000000e+00 1.086000000000000000e+03
-5.177569824218750000e+03 -1.360989990234375000e+03 1.086000000000000000e+03
-0.000000000000000000e+00 -1.729069946289062500e+03 1.086000000000000000e+03
4.222060058593750000e+03 -1.109819946289062500e+03 1.086000000000000000e+03
5.751080078125000000e+03 -0.000000000000000000e+00 1.086000000000000000e+03
4.222060058593750000e+03 1.109819946289062500e+03 1.086000000000000000e+03
0.000000000000000000e+00 1.943010009765625000e+03 1.086000000000000000e+03
-5.900799804687500000e+03 1.551099975585937500e+03 1.086000000000000000e+03
-8.815929687500000000e+03 0.000000000000000000e+00 1.086000000000000000e+03
-5.900799804687500000e+03 -1.551099975585937500e+03 1.086000000000000000e+03
-0.000000000000000000e+00 -1.943010009765625000e+03 1.086000000000000000e+03
4.690890136718750000e+03 -1.233060058593750000e+03 1.086000000000000000e+03
6.363689941406250000e+03 -0.000000000000000000e+00 1.086000000000000000e+03
4.690890136718750000e+03 1.233060058593750000e+03 1.086000000000000000e+03
0.000000000000000000e+00 2.169510009765625000e+03 1.086000000000000000e+03
-6.689209960937500000e+03 1.758349975585937500e+03 1.086000000000000000e+03
-1.006975976562500000e+04 0.000000000000000000e+00 1.086000000000000000e+03
-6.689209960937500000e+03 -1.758349975585937500e+03 1.086000000000000000e+03
-0.000000000000000000e+00 -2.169510009765625000e+03 1.086000000000000000e+03
5.175850097656250000e+03 -1.360540039062500000e+03 1.086000000000000000e+03
6.992140136718750000e+03 -0.000000000000000000e+00 1.086000000000000000e+03
5.175850097656250000e+03 1.360540039062500000e+03 1.086000000000000000e+03
0.000000000000000000e+00 2.408590087890625000e+03 1.086000000000000000e+03
-7.547990234375000000e+03 1.984089965820312500e+03 1.086000000000000000e+03
-1.145734960937500000e+04 0.000000000000000000e+00 1.086000000000000000e+03
-7.547990234375000000e+03 -1.984089965820312500e+03 1.086000000000000000e+03
-0.000000000000000000e+00 -2.408590087890625000e+03 1.086000000000000000e+03
5.675490234375000000e+03 -1.491880004882812500e+03 1.086000000000000000e+03
7.634120117187500000e+03 -0.000000000000000000e+00 1.086000000000000000e+03
5.675490234375000000e+03 1.491880004882812500e+03 1.086000000000000000e+03
0.000000000000000000e+00 2.660300048828125000e+03 1.086000000000000000e+03
-8.483030273437500000e+03 2.229870117187500000e+03 1.086000000000000000e+03
-1.299475000000000000e+04 0.000000000000000000e+00 1.086000000000000000e+03
-8.483030273437500000e+03 -2.229870117187500000e+03 1.086000000000000000e+03
-0.000000000000000000e+00 -2.660300048828125000e+03 1.086000000000000000e+03
6.188390136718750000e+03 -1.626699951171875000e+03 1.086000000000000000e+03
8.287429687500000000e+03 -0.000000000000000000e+00 1.086000000000000000e+03
6.188390136718750000e+03 1.626699951171875000e+03 1.086000000000000000e+03
0.000000000000000000e+00 2.924679931640625000e+03 1.086000000000000000e+03
-9.501110351562500000e+03 2.497489990234375000e+03 1.086000000000000000e+03
-1.470104980468750000e+04 0.000000000000000000e+00 1.086000000000000000e+03
-9.501110351562500000e+03 -2.497489990234375000e+03 1.086000000000000000e+03
-0.000000000000000000e+00 -2.924679931640625000e+03 1.086000000000000000e+03
6.713149902343750000e+03 -1.764640014648437500e+03 1.086000000000000000e+03
8.949919921875000000e+03 -0.000000000000000000e+00 1.086000000000000000e+03
6.713149902343750000e+03 1.764640014648437500e+03 1.086000000000000000e+03
1.509099975585937500e+03 -3.396900024414062500e+02 1.086000000000000000e+03
-1.661199951171875000e+03 3.835299987792968750e+02 1.086000000000000000e+03
-1.709109985351562500e+03 -9.019000244140625000e+02 1.086000000000000000e+03
-1.088313964843750000e+04 -6.459600219726562500e+02 1.086000000000000000e+03
2.179999923706054688e+01 -2.360239990234375000e+03 1.086000000000000000e+03
-1.014326953125000000e+04 -2.319739990234375000e+03 1.086000000000000000e+03
3.811590087890625000e+03 2.020780029296875000e+03 1.086000000000000000e+03
-5.136870117187500000e+03 6.502000122070312500e+02 1.086000000000000000e+03
3.567020019531250000e+03 3.278999938964843750e+02 1.086000000000000000e+03
5.668580078125000000e+03 2.771499938964843750e+02 1.086000000000000000e+03
7.414819824218750000e+03 -2.514900054931640625e+02 1.086000000000000000e+03
-2.016530029296875000e+03 -1.884959960937500000e+03 1.086000000000000000e+03
-8.260650390625000000e+03 -1.978670043945312500e+03 1.086000000000000000e+03
-9.525059570312500000e+03 -2.617200012207031250e+02 1.086000000000000000e+03
1.851890014648437500e+03 3.334400024414062500e+02 1.086000000000000000e+03
-6.471839843750000000e+03 -2.209350097656250000e+03 1.086000000000000000e+03
