-2.340999984741210938e+01 3.734999847412109375e+01 1.086000000000000000e+03
-2.661000061035156250e+01 -1.734000015258789062e+01 1.086000000000000000e+03
-1.419999980926513672e+01 -6.206000137329101562e+01 1.086000000000000000e+03
6.579999923706054688e+00 -7.041999816894531250e+01 1.086000000000000000e+03
2.347999954223632812e+01 -3.745999908447265625e+01 1.086000000000000000e+03
2.657999992370605469e+01 1.731999969482421875e+01 1.086000000000000000e+03
1.413000011444091797e+01 6.177000045776367188e+01 1.086000000000000000e+03
-6.550000190734863281e+00 7.005000305175781250e+01 1.086000000000000000e+03
-4.606999969482421875e+01 7.351000213623046875e+01 1.086000000000000000e+03
-5.247000122070312500e+01 -3.420000076293945312e+01 1.086000000000000000e+03
-2.804000091552734375e+01 -1.225699996948242188e+02 1.086000000000000000e+03
1.300000000000000000e+01 -1.391199951171875000e+02 1.086000000000000000e+03
4.633000183105468750e+01 -7.391000366210937500e+01 1.086000000000000000e+03
5.234000015258789062e+01 3.411999893188476562e+01 1.086000000000000000e+03
2.778000068664550781e+01 1.214599990844726562e+02 1.086000000000000000e+03
-1.286999988555908203e+01 1.376900024414062500e+02 1.086000000000000000e+03
-7.626000213623046875e+01 1.216600036621093750e+02 1.086000000000000000e+03
-8.706999969482421875e+01 -5.675999832153320312e+01 1.086000000000000000e+03
-4.663000106811523438e+01 -2.038500061035156250e+02 1.086000000000000000e+03
2.162999916076660156e+01 -2.314499969482421875e+02 1.086000000000000000e+03
7.694999694824218750e+01 -1.227699966430664062e+02 1.086000000000000000e+03
8.669999694824218750e+01 5.652000045776367188e+01 1.086000000000000000e+03
4.593000030517578125e+01 2.007899932861328125e+02 1.086000000000000000e+03
-2.126000022888183594e+01 2.275200042724609375e+02 1.086000000000000000e+03
-1.138700027465820312e+02 1.816699981689453125e+02 1.086000000000000000e+03
-1.304600067138671875e+02 -8.504000091552734375e+01 1.086000000000000000e+03
-7.005000305175781250e+01 -3.062500000000000000e+02 1.086000000000000000e+03
3.250999832153320312e+01 -3.478999938964843750e+02 1.086000000000000000e+03
1.154400024414062500e+02 -1.841699981689453125e+02 1.086000000000000000e+03
1.296300048828125000e+02 8.450000000000000000e+01 1.086000000000000000e+03
6.848999786376953125e+01 2.994100036621093750e+02 1.086000000000000000e+03
-3.169000053405761719e+01 3.391000061035156250e+02 1.086000000000000000e+03
-1.588300018310546875e+02 2.533899993896484375e+02 1.086000000000000000e+03
-1.826799926757812500e+02 -1.190800018310546875e+02 1.086000000000000000e+03
-9.841999816894531250e+01 -4.302699890136718750e+02 1.086000000000000000e+03
4.570999908447265625e+01 -4.890899963378906250e+02 1.086000000000000000e+03
1.618899993896484375e+02 -2.582799987792968750e+02 1.086000000000000000e+03
1.810700073242187500e+02 1.180299987792968750e+02 1.086000000000000000e+03
9.536000061035156250e+01 4.168800048828125000e+02 1.086000000000000000e+03
-4.409999847412109375e+01 4.718599853515625000e+02 1.086000000000000000e+03
-2.110000000000000000e+02 3.366300048828125000e+02 1.086000000000000000e+03
-2.438200073242187500e+02 -1.589199981689453125e+02 1.086000000000000000e+03
-1.318600006103515625e+02 -5.764899902343750000e+02 1.086000000000000000e+03
6.129000091552734375e+01 -6.557800292968750000e+02 1.086000000000000000e+03
2.164400024414062500e+02 -3.453099975585937500e+02 1.086000000000000000e+03
2.409600067138671875e+02 1.570599975585937500e+02 1.086000000000000000e+03
1.264199981689453125e+02 5.527000122070312500e+02 1.086000000000000000e+03
-5.843000030517578125e+01 6.251699829101562500e+02 1.086000000000000000e+03
-2.702600097656250000e+02 4.311600036621093750e+02 1.086000000000000000e+03
-3.139400024414062500e+02 -2.046300048828125000e+02 1.086000000000000000e+03
-1.705500030517578125e+02 -7.456099853515625000e+02 1.086000000000000000e+03
7.933000183105468750e+01 -8.488900146484375000e+02 1.086000000000000000e+03
2.792500000000000000e+02 -4.455100097656250000e+02 1.086000000000000000e+03
3.092099914550781250e+02 2.015500030517578125e+02 1.086000000000000000e+03
1.615599975585937500e+02 7.062899780273437500e+02 1.086000000000000000e+03
-7.459999847412109375e+01 7.982899780273437500e+02 1.086000000000000000e+03
-3.364400024414062500e+02 5.367500000000000000e+02 1.086000000000000000e+03
-3.931400146484375000e+02 -2.562600097656250000e+02 1.086000000000000000e+03
-2.146600036621093750e+02 -9.384600219726562500e+02 1.086000000000000000e+03
9.994999694824218750e+01 -1.069500000000000000e+03 1.086000000000000000e+03
3.504899902343750000e+02 -5.591599731445312500e+02 1.086000000000000000e+03
3.857600097656250000e+02 2.514499969482421875e+02 1.086000000000000000e+03
2.006100006103515625e+02 8.770200195312500000e+02 1.086000000000000000e+03
-9.255999755859375000e+01 9.904099731445312500e+02 1.086000000000000000e+03
-4.093900146484375000e+02 6.531300048828125000e+02 1.086000000000000000e+03
-4.815400085449218750e+02 -3.138800048828125000e+02 1.086000000000000000e+03
-2.644299926757812500e+02 -1.156030029296875000e+03 1.086000000000000000e+03
1.232600021362304688e+02 -1.318880004882812500e+03 1.086000000000000000e+03
4.303699951171875000e+02 -6.866099853515625000e+02 1.086000000000000000e+03
4.705100097656250000e+02 3.066900024414062500e+02 1.086000000000000000e+03
2.434199981689453125e+02 1.064180053710937500e+03 1.086000000000000000e+03
-1.122099990844726562e+02 1.200650024414062500e+03 1.086000000000000000e+03
-4.889100036621093750e+02 7.800100097656250000e+02 1.086000000000000000e+03
-5.792399902343750000e+02 -3.775599975585937500e+02 1.086000000000000000e+03
-3.201000061035156250e+02 -1.399410034179687500e+03 1.086000000000000000e+03
1.493899993896484375e+02 -1.598510009765625000e+03 1.086000000000000000e+03
5.191500244140625000e+02 -8.282399902343750000e+02 1.086000000000000000e+03
5.633599853515625000e+02 3.672099914550781250e+02 1.086000000000000000e+03
2.898200073242187500e+02 1.267030029296875000e+03 1.086000000000000000e+03
-1.334600067138671875e+02 1.428079956054687500e+03 1.086000000000000000e+03
-5.748300170898437500e+02 9.170700073242187500e+02 1.086000000000000000e+03
-6.863900146484375000e+02 -4.474100036621093750e+02 1.086000000000000000e+03
-3.819700012207031250e+02 -1.669900024414062500e+03 1.086000000000000000e+03
1.785099945068359375e+02 -1.910099975585937500e+03 1.086000000000000000e+03
6.170800170898437500e+02 -9.844799804687500000e+02 1.086000000000000000e+03
6.642100219726562500e+02 4.329500122070312500e+02 1.086000000000000000e+03
3.396300048828125000e+02 1.484790039062500000e+03 1.086000000000000000e+03
-1.562299957275390625e+02 1.671699951171875000e+03 1.086000000000000000e+03
-6.669199829101562500e+02 1.063989990234375000e+03 1.086000000000000000e+03
-8.031500244140625000e+02 -5.235100097656250000e+02 1.086000000000000000e+03
-4.503800048828125000e+02 -1.968979980468750000e+03 1.086000000000000000e+03
2.108000030517578125e+02 -2.255600097656250000e+03 1.086000000000000000e+03
7.244699707031250000e+02 -1.155810058593750000e+03 1.086000000000000000e+03
7.729299926757812500e+02 5.038200073242187500e+02 1.086000000000000000e+03
3.926600036621093750e+02 1.716630004882812500e+03 1.086000000000000000e+03
-1.804199981689453125e+02 1.930500000000000000e+03 1.086000000000000000e+03
-7.649799804687500000e+02 1.220430053710937500e+03 1.086000000000000000e+03
-9.296699829101562500e+02 -6.059799804687500000e+02 1.086000000000000000e+03
-5.257100219726562500e+02 -2.298320068359375000e+03 1.086000000000000000e+03
2.464700012207031250e+02 -2.637280029296875000e+03 1.086000000000000000e+03
8.416699829101562500e+02 -1.342780029296875000e+03 1.086000000000000000e+03
8.894299926757812500e+02 5.797500000000000000e+02 1.086000000000000000e+03
4.487200012207031250e+02 1.961709960937500000e+03 1.086000000000000000e+03
-2.059199981689453125e+02 2.203429931640625000e+03 1.086000000000000000e+03
-8.687800292968750000e+02 1.386030029296875000e+03 1.086000000000000000e+03
-1.066150024414062500e+03 -6.949400024414062500e+02 1.086000000000000000e+03
-6.084099731445312500e+02 -2.659850097656250000e+03 1.086000000000000000e+03
2.857600097656250000e+02 -3.057729980468750000e+03 1.086000000000000000e+03
9.690499877929687500e+02 -1.546020019531250000e+03 1.086000000000000000e+03
1.013559997558593750e+03 6.606599731445312500e+02 1.086000000000000000e+03
5.076099853515625000e+02 2.219159912109375000e+03 1.086000000000000000e+03
-2.326499938964843750e+02 2.489419921875000000e+03 1.086000000000000000e+03
-9.780900268554687500e+02 1.560420043945312500e+03 1.086000000000000000e+03
-1.212790039062500000e+03 -7.905300292968750000e+02 1.086000000000000000e+03
-6.989699707031250000e+02 -3.055750000000000000e+03 1.086000000000000000e+03
3.289599914550781250e+02 -3.519939941406250000e+03 1.086000000000000000e+03
1.107060058593750000e+03 -1.766189941406250000e+03 1.086000000000000000e+03
1.145199951171875000e+03 7.464699707031250000e+02 1.086000000000000000e+03
5.691300048828125000e+02 2.488110107421875000e+03 1.086000000000000000e+03
-2.605000000000000000e+02 2.787409912109375000e+03 1.086000000000000000e+03
-1.092670043945312500e+03 1.743229980468750000e+03 1.086000000000000000e+03
-1.369829956054687500e+03 -8.928900146484375000e+02 1.086000000000000000e+03
-7.979600219726562500e+02 -3.488520019531250000e+03 1.086000000000000000e+03
3.763699951171875000e+02 -4.027320068359375000e+03 1.086000000000000000e+03
1.256160034179687500e+03 -2.004060058593750000e+03 1.086000000000000000e+03
1.284219970703125000e+03 8.370900268554687500e+02 1.086000000000000000e+03
6.330700073242187500e+02 2.767679931640625000e+03 1.086000000000000000e+03
-2.893699951171875000e+02 3.096320068359375000e+03 1.086000000000000000e+03
-1.212290039062500000e+03 1.934069946289062500e+03 1.086000000000000000e+03
-1.537510009765625000e+03 -1.002190002441406250e+03 1.086000000000000000e+03
-9.060399780273437500e+02 -3.961020019531250000e+03 1.086000000000000000e+03
4.283800048828125000e+02 -4.583839843750000000e+03 1.086000000000000000e+03
1.416890014648437500e+03 -2.260479980468750000e+03 1.086000000000000000e+03
1.430479980468750000e+03 9.324199829101562500e+02 1.086000000000000000e+03
6.992500000000000000e+02 3.056979980468750000e+03 1.086000000000000000e+03
-3.191600036621093750e+02 3.415100097656250000e+03 1.086000000000000000e+03
-1.336709960937500000e+03 2.132560058593750000e+03 1.086000000000000000e+03
-1.716109985351562500e+03 -1.118599975585937500e+03 1.086000000000000000e+03
-1.023940002441406250e+03 -4.476490234375000000e+03 1.086000000000000000e+03
4.854100036621093750e+02 -5.194060058593750000e+03 1.086000000000000000e+03
1.589839965820312500e+03 -2.536399902343750000e+03 1.086000000000000000e+03
1.583829956054687500e+03 1.032380004882812500e+03 1.086000000000000000e+03
7.674500122070312500e+02 3.355149902343750000e+03 1.086000000000000000e+03
-3.497699890136718750e+02 3.742689941406250000e+03 1.086000000000000000e+03
-1.465670043945312500e+03 2.338310058593750000e+03 1.086000000000000000e+03
-1.905920043945312500e+03 -1.242329956054687500e+03 1.086000000000000000e+03
-1.152540039062500000e+03 -5.038689941406250000e+03 1.086000000000000000e+03
5.479500122070312500e+02 -5.863279785156250000e+03 1.086000000000000000e+03
1.775660034179687500e+03 -2.832870117187500000e+03 1.086000000000000000e+03
1.744150024414062500e+03 1.136880004882812500e+03 1.086000000000000000e+03
8.374899902343750000e+02 3.661340087890625000e+03 1.086000000000000000e+03
-3.811199951171875000e+02 4.078090087890625000e+03 1.086000000000000000e+03
-1.598939941406250000e+03 2.550929931640625000e+03 1.086000000000000000e+03
-2.107290039062500000e+03 -1.373579956054687500e+03 1.086000000000000000e+03
-1.292810058593750000e+03 -5.651919921875000000e+03 1.086000000000000000e+03
6.165900268554687500e+02 -6.597660156250000000e+03 1.086000000000000000e+03
1.975109985351562500e+03 -3.151060058593750000e+03 1.086000000000000000e+03
1.911280029296875000e+03 1.245819946289062500e+03 1.086000000000000000e+03
9.091699829101562500e+02 3.974699951171875000e+03 1.086000000000000000e+03
-4.131000061035156250e+02 4.420299804687500000e+03 1.086000000000000000e+03
-9.169000244140625000e+01 -2.430550048828125000e+03 1.086000000000000000e+03
-5.699999809265136719e+00 5.011999893188476562e+01 1.086000000000000000e+03
1.152399978637695312e+02 -4.073449951171875000e+03 1.086000000000000000e+03
1.281880004882812500e+03 -8.746199951171875000e+02 1.086000000000000000e+03
-6.091999816894531250e+01 -6.453750000000000000e+03 1.086000000000000000e+03
-9.496199951171875000e+02 3.912330078125000000e+03 1.086000000000000000e+03
-7.140100097656250000e+02 -3.016100097656250000e+03 1.086000000000000000e+03
-1.386839965820312500e+03 2.465879882812500000e+03 1.086000000000000000e+03
-3.962099914550781250e+02 4.370700073242187500e+02 1.086000000000000000e+03
2.424600067138671875e+02 1.971969970703125000e+03 1.086000000000000000e+03
-1.617180053710937500e+03 2.364600097656250000e+03 1.086000000000000000e+03
1.227020019531250000e+03 -1.769229980468750000e+03 1.086000000000000000e+03
1.106989990234375000e+03 3.076459960937500000e+03 1.086000000000000000e+03
-4.355700073242187500e+02 -3.772750000000000000e+03 1.086000000000000000e+03
-1.804699951171875000e+03 1.057449951171875000e+03 1.086000000000000000e+03
1.841880004882812500e+03 6.638800048828125000e+02 1.086000000000000000e+03
